MEMORY
  total           14114 KB
  struct            159 KB
  buffer            643 KB
  arena           13312 KB, used 0.3%

SIZES
  narena                13631488
  nbuffer               658624
  nplugin               0
  maxuse_stack          17048
  maxuse_arena          45848
  maxuse_con            0
  maxuse_efc            6
  ncon                  0
  ne                    0
  nf                    6
  nl                    0
  nefc                  6
  nJ                    36
  nA                    0
  nisland               1
  nidof                 6
  ntree_awake           1
  nbody_awake           8
  nparent_awake         7
  nv_awake              6
  flg_energypos         0
  flg_energyvel         0
  flg_subtreevel        0
  flg_rnepost           0
  threadpool            0

TIMER
    0:  duration =  0.3        number = 4
    1:  duration =  0.28       number = 4
    2:  duration =  0          number = 0
    3:  duration =  0.21       number = 4
    4:  duration =  0.0082     number = 4
    5:  duration =  0.0073     number = 4
    6:  duration =  0.017      number = 4
    7:  duration =  0.0089     number = 4
    8:  duration =  0.019      number = 4
    9:  duration =  0.012      number = 4
    10:  duration =  0.12       number = 4
    11:  duration =  0.014      number = 4
    12:  duration =  0.0048     number = 4
    13:  duration =  0.018      number = 4
    14:  duration =  0.029      number = 4

SOLVER STAT
  solver_fwdinv =   0         0       
ENERGY =   0         0       

TIME =  7.8e+03 

QPOS
   5.7e-19 
   0.00054 
   0.00045 
   0.00012 
   3.8e-08 
  -3.5e-06 

QVEL
   1.6e-19 
  -1.3e-17 
   7.8e-18 
   6e-19   
   1.3e-21 
  -2.7e-20 

QACC_WARMSTART
  -5.9e-18 
   3.9e-16 
  -5.8e-16 
   6.6e-18 
   6.1e-20 
  -4.7e-19 

CTRL
   0       
   0       
   0       
   0       
   0       
   0       

QFRC_APPLIED
   0       
   0       
   0       
   0       
   0       
   0       

XFRC_APPLIED
   0         0         0         0         0         0       
   0         0         0         0         0         0       
   0         0         0         0         0         0       
   0         0         0         0         0         0       
   0         0         0         0         0         0       
   0         0         0         0         0         0       
   0         0         0         0         0         0       
   0         0         0         0         0         0       

QACC
  -5.9e-18 
   3.9e-16 
  -5.8e-16 
   6.6e-18 
   6.1e-20 
  -4.7e-19 

TREE_ASLEEP
  -11

XPOS
   0         0         0       
   0         0         0       
   0.039    -9e-09     0.062   
   0.069    -0.018     0.12    
   0.097    -0.018     0.23    
   0.23     -0.018     0.23    
   0.29     -0.00018   0.23    
   0.32      0.018     0.26    

XQUAT
   1         0         0         0       
   1         0         0         0       
   3.6e-16   1.2e-15  -1        -4.1e-16 
  -0.5       0.5      -0.5      -0.5     
   0.00035  -0.00035  -0.71     -0.71    
  -0.5       0.5      -0.5      -0.5     
   0.71      0.017    -0.71     -0.017   
   0.49      0.51     -0.51      0.49    

XMAT
   1         0         0         0         1         0         0         0         1       
   1         0         0         0         1         0         0         0         1       
  -1        -2.5e-15  -7.1e-16  -2.5e-15   1         8.3e-16   7.1e-16   8.3e-16  -1       
  -0.00054  -1        -2.4e-15   8.9e-16  -2.4e-15   1        -1         0.00054   8.9e-16 
  -1         0.00099  -2.6e-15  -2.6e-15  -9.4e-16   1         0.00099   1         9.4e-16 
  -0.0011   -1        -1.7e-16   7.2e-16  -1.7e-16   1        -1         0.0011    7.2e-16 
   0.0011    5.4e-05  -1        -0.049     1        -2.4e-16   1         0.049     0.0011  
   0.0011   -1        -5.4e-05  -0.049    -1.7e-07  -1         1         0.0011   -0.049   

XIPOS
   0         0         0       
   0.014    -5.2e-05   0.033   
   0.07     -1.7e-05   0.088   
   0.078     0.00013   0.21    
   0.2       5.3e-06   0.23    
   0.27      0.0098    0.23    
   0.32      5.7e-05   0.23    
   0.35     -0.0016    0.25    

XIMAT
   1         0         0         0         1         0         0         0         1       
  -0.022     0.28      0.96      1         0.008     0.02     -0.002     0.96     -0.28    
  -1         0.026    -0.019     0.026     1        -0.0027    0.019    -0.0032   -1       
  -0.98      0.0019   -0.18      0.0019    1         0.00036   0.18      1.8e-05  -0.98    
  -0.055    -0.011    -1         0.0015    1        -0.011     1        -0.0021   -0.055   
  -0.0017   -0.87      0.49     -0.0032    0.49      0.87     -1        -0.00014  -0.0036  
  -0.01     -0.87     -0.49      1         0.0028   -0.026     0.024    -0.49      0.87    
   0.068     0.032     1        -0.05     -1         0.035     1        -0.052    -0.067   

XANCHOR
   0.039    -9e-09     0.062   
   0.069    -0.018     0.12    
   0.097    -0.018     0.23    
   0.23     -0.018     0.23    
   0.29     -0.00018   0.23    
   0.32      0.018     0.26    

XAXIS
  -7.1e-16   8.3e-16  -1       
  -2.4e-15   1         8.9e-16 
  -2.6e-15   1         1.1e-15 
  -1.7e-16   1         1.1e-15 
  -1        -2.3e-16   0.0011  
  -5.4e-05  -1        -0.049   

GEOM_XPOS
   0         0         0       
   0.0062   -9.7e-06   0.049   
   0.013    -3.6e-06   0.017   
   0.027    -1.2e-08   0.044   
  -0.029    -0.0002    0.047   
   0.069     0.0003    0.11    
   0.069     0.0003    0.11    
   0.072    -0.0003    0.086   
   0.072    -0.0003    0.086   
   0.066    -2e-05     0.056   
   0.066    -2e-05     0.056   
   0.086     0.0003    0.23    
   0.086     0.0003    0.23    
   0.069     4.6e-05   0.18    
   0.069     4.6e-05   0.18    
   0.15     -0.00086   0.23    
   0.15     -0.00086   0.23    
   0.2      -0.00019   0.23    
   0.2      -0.00019   0.23    
   0.22      0.0003    0.23    
   0.22      0.0003    0.23    
   0.28      0.012     0.23    
   0.28      0.012     0.23    
   0.26      0.0042    0.23    
   0.26      0.0042    0.23    
   0.32     -0.00039   0.24    
   0.32     -0.00039   0.24    
   0.32      0.00049   0.22    
   0.32      0.00049   0.22    
   0.34     -0.0012    0.25    
   0.34     -0.0012    0.25    

GEOM_XMAT
   1         0         0         0         1         0         0         0         1       
   0.097     0.008     1        -5.7e-17  -1         0.0081    1        -0.00078  -0.097   
   0.64      0.77      0.00076  -0.00017  -0.00084   1         0.77     -0.64     -0.0004  
  -1.3e-15  -0.025     1         1         4.4e-16   1.3e-15  -5e-16     1         0.025   
   1         0         0         0         0         1         0        -1         0       
  -1         2.4e-15   7.7e-16  -2.5e-15  -1        -0.025     7.1e-16  -0.025     1       
  -1         2.4e-15   7.7e-16  -2.5e-15  -1        -0.025     7.1e-16  -0.025     1       
  -0.0053    1         0.0075   -0.0084    0.0075   -1        -1        -0.0053    0.0084  
  -0.0053    1         0.0075   -0.0084    0.0075   -1        -1        -0.0053    0.0084  
  -0.0011    0.94     -0.35      1         0.0034    0.0061    0.0069   -0.35     -0.94    
  -0.0011    0.94     -0.35      1         0.0034    0.0061    0.0069   -0.35     -0.94    
   0.00054  -0.025     1        -1.7e-15  -1        -0.025     1         1.4e-05  -0.00054 
   0.00054  -0.025     1        -1.7e-15  -1        -0.025     1         1.4e-05  -0.00054 
   1         0.0015    0.015     0.0015   -1        -0.0031    0.015     0.0031   -1       
   1         0.0015    0.015     0.0015   -1        -0.0031    0.015     0.0031   -1       
  -0.027     0.04     -1         0.00056  -1        -0.04     -1        -0.0016    0.027   
  -0.027     0.04     -1         0.00056  -1        -0.04     -1        -0.0016    0.027   
  -1         0.0067    0.0065   -0.0065    0.0068   -1        -0.0067   -1        -0.0068  
  -1         0.0067    0.0065   -0.0065    0.0068   -1        -0.0067   -1        -0.0068  
   0.00099  -0.025     1        -1.5e-15  -1        -0.025     1         2.5e-05  -0.00099 
   0.00099  -0.025     1        -1.5e-15  -1        -0.025     1         2.5e-05  -0.00099 
  -0.0011    0.98      0.18      7.8e-16   0.18     -0.98     -1        -0.0011   -0.0002  
  -0.0011    0.98      0.18      7.8e-16   0.18     -0.98     -1        -0.0011   -0.0002  
   0.016     0.64     -0.77     -0.012    -0.77     -0.64     -1         0.019    -0.0048  
   0.016     0.64     -0.77     -0.012    -0.77     -0.64     -1         0.019    -0.0048  
   1         2.6e-05   0.0011    8e-16     1        -0.023    -0.0011    0.023     1       
   1         2.6e-05   0.0011    8e-16     1        -0.023    -0.0011    0.023     1       
   0.051    -0.35      0.93     -1        -0.097     0.017     0.084    -0.93     -0.35    
   0.051    -0.35      0.93     -1        -0.097     0.017     0.084    -0.93     -0.35    
   0.076    -0.0015    1        -0.048    -1         0.0022    1        -0.048    -0.076   
   0.076    -0.0015    1        -0.048    -1         0.0022    1        -0.048    -0.076   

SITE_XPOS
   0         0         0       
   0.39     -1.1e-05   0.23    

SITE_XMAT
   1         0         0         0         1         0         0         0         1       
   1         5.4e-05   0.0011    2e-16     1        -0.049    -0.0011    0.049     1       

LIGHT_XPOS
   0         0         3.5     

LIGHT_XDIR
   0         0        -1       

SUBTREE_COM
   0.14      0.0012    0.16    
   0.14      0.0012    0.16    
   0.18      0.0016    0.2     
   0.21      0.002     0.23    
   0.26      0.0027    0.23    
   0.3       0.0043    0.24    
   0.32     -0.00014   0.24    
   0.35     -0.0016    0.25    

CDOF
  -7.1e-16   8.3e-16  -1         0.0012   -0.1      -8.7e-17 
  -2.4e-15   1         8.9e-16   0.043     1.7e-16  -0.074   
  -2.6e-15   1         1.1e-15  -0.069    -1.3e-16  -0.046   
  -1.7e-16   1         1.1e-15  -0.074    -1.1e-16   0.089   
  -1        -2.3e-16   0.0011   -1.5e-06  -0.074    -0.0014  
  -5.4e-05  -1        -0.049     0.094     0.0084   -0.17    

CINERT
   0         0         0         0         0         0         0         0         0         0       
   0.0025    0.005     0.0026   -2.5e-05  -0.0024   -2.3e-05  -0.019    -0.00019  -0.019     0.15    
   0.00061   0.0011    0.00057  -9.2e-06  -0.00053  -9.1e-06  -0.0074   -0.00012  -0.0072    0.1     
   0.00037   0.00081   0.00048  -7.3e-06   0.00029   5.2e-06  -0.0068   -0.00011   0.0048    0.1     
   0.00057   0.00097   0.00044   5.3e-06  -0.0004    9.1e-06   0.0054   -0.00013   0.0075    0.1     
   0.00047   0.0017    0.0013   -9.1e-05  -0.00075  -5.1e-05   0.01      0.00068   0.0059    0.079   
   0.00052   0.0032    0.0027    1.7e-05  -0.0011    7.9e-06   0.015    -0.0001    0.0065    0.087   
   0.00011   0.00061   0.0005    6.6e-06  -0.00023   3e-06     0.0024   -3.3e-05   0.0011    0.012   

ACTUATOR_LENGTH
   5.7e-19 
   0.00054 
   0.00045 
   0.00012 
   3.8e-08 
  -3.5e-06 

actuator_moment
--------
 x      |
  x     |
   x    |
    x   |
     x  |
      x |
--------

ACTUATOR_MOMENT
     0:  1       
     1:  1       
     2:  1       
     3:  1       
     4:  1       
     5:  1       

CRB
   0         0         0         0         0         0         0         0         0         0       
   0.0051    0.013     0.0086   -0.0001   -0.0051   -5.8e-05   1e-17    -8.1e-20   0         0.63    
   0.0026    0.0085    0.006    -7.8e-05  -0.0027   -3.4e-05   0.019     0.00019   0.019     0.49    
   0.002     0.0073    0.0055   -6.8e-05  -0.0022   -2.5e-05   0.026     0.00031   0.026     0.38    
   0.0017    0.0065    0.005    -6.1e-05  -0.0025   -3.1e-05   0.033     0.00042   0.021     0.28    
   0.0011    0.0055    0.0045   -6.6e-05  -0.0021   -4e-05     0.028     0.00055   0.013     0.18    
   0.00062   0.0038    0.0032    2.4e-05  -0.0014    1.1e-05   0.018    -0.00013   0.0076    0.099   
   0.00011   0.00061   0.0005    6.6e-06  -0.00023   3e-06     0.0024   -3.3e-05   0.0011    0.012   

QM
   0.043   
   9e-05     0.044   
   3.2e-06   0.01      0.037   
  -7.3e-07   0.003     0.0026    0.029   
  -6.8e-05   8.4e-07   7.3e-07   2.1e-07   0.028   
   5.6e-06  -0.0001   -9.5e-05  -4.6e-05   6.1e-08   0.028   

M
     0:  0.043   
     0:  9e-05      1:  0.044   
     0:  3.2e-06    1:  0.01       2:  0.037   
     0: -7.3e-07    1:  0.003      2:  0.0026     3:  0.029   
     0: -6.8e-05    1:  8.4e-07    2:  7.3e-07    3:  2.1e-07    4:  0.028   
     0:  5.6e-06    1: -0.0001     2: -9.5e-05    3: -4.6e-05    4:  6.1e-08    5:  0.028   

QLD
     0:  0.043   
     0:  0.0022     1:  0.041   
     0:  9e-05      1:  0.27       2:  0.036   
     0: -2.5e-05    1:  0.1        2:  0.09       3:  0.029   
     0: -0.0024     1:  3e-05      2:  2.6e-05    3:  7.7e-06    4:  0.028   
     0:  0.0002     1: -0.0037     2: -0.0034     3: -0.0016     4:  2.2e-06    5:  0.028   

QLDIAGINV
   23      
   24      
   27      
   34      
   36      
   36      

M: inertia structure
--------
 x      |
 xx     |
 xxx    |
 xxxx   |
 xxxxx  |
 xxxxxx |
--------

iM: block-diagonal inertia (nnzs are island ids)
--------
 0      |
 00     |
 000    |
 0000   |
 00000  |
 000000 |
--------

QH
     0:  0.044   
     0:  0.0021     1:  0.043   
     0:  8.7e-05    1:  0.26       2:  0.038   
     0: -2.4e-05    1:  0.098      2:  0.086      3:  0.03    
     0: -0.0023     1:  2.9e-05    2:  2.5e-05    3:  7.3e-06    4:  0.029   
     0:  0.00019    1: -0.0035     2: -0.0032     3: -0.0016     4:  2.1e-06    5:  0.029   

QHDIAGINV
   22      
   23      
   27      
   33      
   34      
   34      

TREE_AWAKE
  1

BODY_AWAKE
  -1 -1 1 1 1 1 1 1

BODY_AWAKE_IND
  0 1 2 3 4 5 6 7

PARENT_AWAKE_IND
  1 2 3 4 5 6 7

DOF_AWAKE_IND
  0 1 2 3 4 5

EFC_TYPE
  1
  1
  1
  1
  1
  1

EFC_ID
  0
  1
  2
  3
  4
  5

EFC_J
   1         0         0         0         0         0       
   0         1         0         0         0         0       
   0         0         1         0         0         0       
   0         0         0         1         0         0       
   0         0         0         0         1         0       
   0         0         0         0         0         1       

IEFC_J
   1         0         0         0         0         0       
   0         1         0         0         0         0       
   0         0         1         0         0         0       
   0         0         0         1         0         0       
   0         0         0         0         1         0       
   0         0         0         0         0         1       

EFC_POS
   0       
   0       
   0       
   0       
   0       
   0       

EFC_MARGIN
   0       
   0       
   0       
   0       
   0       
   0       

EFC_FRICTIONLOSS
   0.052   
   0.052   
   0.052   
   0.052   
   0.052   
   0.052   

EFC_DIAGAPPROX
   23      
   24      
   29      
   35      
   36      
   36      

EFC_KBIP
   0         1.1e+02   0.9       0       
   0         1.1e+02   0.9       0       
   0         1.1e+02   0.9       0       
   0         1.1e+02   0.9       0       
   0         1.1e+02   0.9       0       
   0         1.1e+02   0.9       0       

EFC_D
   0.39    
   0.37    
   0.31    
   0.26    
   0.25    
   0.25    

EFC_R
   2.6     
   2.7     
   3.2     
   3.9     
   4       
   4       

ACTUATOR_VELOCITY
  -6.1e-20 
  -1.2e-18 
  -5.4e-18 
   3.3e-19 
   1.1e-21 
  -2.9e-20 

CVEL
   0         0         0         0         0         0       
   0         0         0         0         0         0       
   4.4e-35  -5.1e-35   6.1e-20  -7.4e-23   6.4e-21   5.3e-36 
   2.9e-33  -1.2e-18   6.1e-20  -5e-20     6.4e-21   8.5e-20 
   1.7e-32  -6.6e-18   6.1e-20   3.2e-19   6.4e-21   3.3e-19 
   1.7e-32  -6.2e-18   6.1e-20   3e-19     6.4e-21   3.6e-19 
  -1.1e-21  -6.2e-18   6.1e-20   3e-19     6.3e-21   3.6e-19 
  -1.1e-21  -6.2e-18   6.3e-20   3e-19     6.1e-21   3.7e-19 

CDOF_DOT
  -0         0         0         0         0         0       
  -6.1e-20  -1.5e-34   4.4e-35  -6.4e-36   2.6e-21  -7.4e-23 
  -6.1e-20  -1.6e-34  -1.1e-34  -3.2e-20  -4.2e-21  -1.3e-19 
  -6.1e-20  -1e-35     1.6e-32  -9.2e-19  -4.5e-21  -1.6e-19 
  -6.9e-21  -6.1e-20  -6.2e-18   1.3e-20  -3.6e-19   6.4e-21 
   3.6e-19  -5.9e-23   8.1e-22   1.4e-18   2e-20     2.9e-19 

QFRC_BIAS
  -5.7e-16 
  -0.54    
  -0.45    
  -0.12    
  -3.7e-05 
   0.0035  

QFRC_SPRING
   0       
   0       
   0       
   0       
   0       
   0       

QFRC_DAMPER
   3.7e-20 
   6.9e-19 
   3.2e-18 
  -2e-19   
  -6.9e-22 
   1.7e-20 

QFRC_GRAVCOMP
   0       
   0       
   0       
   0       
   0       
   0       

QFRC_FLUID
   0       
   0       
   0       
   0       
   0       
   0       

QFRC_PASSIVE
   3.7e-20 
   6.9e-19 
   3.2e-18 
  -2e-19   
  -6.9e-22 
   1.7e-20 

EFC_VEL
  -6.1e-20 
  -1.2e-18 
  -5.4e-18 
   3.3e-19 
   1.1e-21 
  -2.9e-20 

EFC_AREF
   6.4e-18 
   1.2e-16 
   5.7e-16 
  -3.5e-17 
  -1.2e-19 
   3.1e-18 

SUBTREE_LINVEL
   0         0         0       
   0         0         0       
   0         0         0       
   0         0         0       
   0         0         0       
   0         0         0       
   0         0         0       
   0         0         0       

SUBTREE_ANGMOM
   0         0         0       
   0         0         0       
   0         0         0       
   0         0         0       
   0         0         0       
   0         0         0       
   0         0         0       
   0         0         0       

ACTUATOR_FORCE
  -5.7e-16 
  -0.54    
  -0.45    
  -0.12    
  -3.7e-05 
   0.0035  

QFRC_ACTUATOR
  -5.7e-16 
  -0.54    
  -0.45    
  -0.12    
  -3.7e-05 
   0.0035  

QFRC_SMOOTH
  -3.7e-19 
  -1.1e-16 
  -1.7e-16 
   1.4e-17 
   4.1e-20 
  -8.7e-19 

QACC_SMOOTH
  -4.9e-18 
  -1.6e-15 
  -4.2e-15 
   1e-15   
   1.6e-18 
  -4.9e-17 

EFC_B
  -1.1e-17 
  -1.7e-15 
  -4.7e-15 
   1.1e-15 
   1.7e-18 
  -5.2e-17 

EFC_FORCE
   4.8e-18 
  -9.9e-17 
   3.5e-16 
  -1.1e-17 
  -4.6e-20 
   8.9e-19 

EFC_STATE
  1
  1
  1
  1
  1
  1

QFRC_CONSTRAINT
   4.8e-18 
  -9.9e-17 
   3.5e-16 
  -1.1e-17 
  -4.6e-20 
   8.9e-19 

QFRC_INVERSE
   0       
   0       
   0       
   0       
   0       
   0       

CACC
   0         0         0         0         0         0       
   0         0         0         0         0         0       
   0         0         0         0         0         0       
   0         0         0         0         0         0       
   0         0         0         0         0         0       
   0         0         0         0         0         0       
   0         0         0         0         0         0       
   0         0         0         0         0         0       

CFRC_INT
   0         0         0         0         0         0       
   0         0         0         0         0         0       
   0         0         0         0         0         0       
   0         0         0         0         0         0       
   0         0         0         0         0         0       
   0         0         0         0         0         0       
   0         0         0         0         0         0       
   0         0         0         0         0         0       

CFRC_EXT
   0         0         0         0         0         0       
   0         0         0         0         0         0       
   0         0         0         0         0         0       
   0         0         0         0         0         0       
   0         0         0         0         0         0       
   0         0         0         0         0         0       
   0         0         0         0         0         0       
   0         0         0         0         0         0       

TREE_ISLAND
  0

ISLAND_NTREE
  1

ISLAND_ITREEADR
  0

MAP_ITREE2TREE
  0

DOF_ISLAND            0 0 0 0 0 0

ISLAND_NV             6

ISLAND_IDOFADR        0

MAP_IDOF2DOF          0 1 2 3 4 5

EFC_ISLAND            0 0 0 0 0 0

ISLAND_NEFC           6

ISLAND_IEFCADR        0

MAP_IEFC2EFC          0 1 2 3 4 5

